[[  1.01543621e+10  -1.06130972e+10  -5.07718104e+09   5.30654861e+09	0.00000000e+00   0.00000000e+00   0.00000000e+00   0.00000000e+00]
 [ -1.06130972e+10   1.10925562e+10   5.30654861e+09  -5.54627812e+09	0.00000000e+00   0.00000000e+00   0.00000000e+00   0.00000000e+00]
 [ -5.07718104e+09   5.30654861e+09   1.01543621e+10  -1.06130972e+10	-5.07718104e+09   5.30654861e+09   0.00000000e+00   0.00000000e+00]
 [  5.30654861e+09  -5.54627812e+09  -1.06130972e+10   1.10925562e+10	5.30654861e+09  -5.54627812e+09   0.00000000e+00   0.00000000e+00]
 [  0.00000000e+00   0.00000000e+00  -5.07718104e+09   5.30654861e+09	1.01543621e+10  -1.06130972e+10  -5.07718104e+09   5.30654861e+09]
 [  0.00000000e+00   0.00000000e+00   5.30654861e+09  -5.54627812e+09	-1.06130972e+10   1.10925562e+10   5.30654861e+09  -5.54627812e+09]
 [  0.00000000e+00   0.00000000e+00   0.00000000e+00   0.00000000e+00	-5.07718104e+09   5.30654861e+09   1.01543621e+10  -1.06130972e+10]
 [  0.00000000e+00   0.00000000e+00   0.00000000e+00   0.00000000e+00	5.30654861e+09  -5.54627812e+09  -1.06130972e+10   1.10925562e+10]]




 						1				2				3				4				5				6				7
 1				2				3				4				5				6				7				8		
 0		1		2		3		4		5		6		7		8		9		10		11		12		13		14		15